Date,Price
12/24/2010,"1,773.00"
12/23/2010,"1,795.00"
12/22/2010,"1,830.00"
12/21/2010,"1,886.00"
12/20/2010,"1,955.00"
12/17/2010,"1,999.00"
12/16/2010,"2,028.00"
12/15/2010,"2,047.00"
12/14/2010,"2,069.00"
12/13/2010,"2,076.00"
12/10/2010,"2,095.00"
12/09/2010,"2,111.00"
12/08/2010,"2,144.00"
12/07/2010,"2,173.00"
12/06/2010,"2,179.00"
12/03/2010,"2,168.00"
12/02/2010,"2,133.00"
12/01/2010,"2,096.00"
11/30/2010,"2,099.00"
11/29/2010,"2,145.00"
11/26/2010,"2,170.00"
11/25/2010,"2,200.00"
11/24/2010,"2,213.00"
11/23/2010,"2,199.00"
11/22/2010,"2,179.00"
11/19/2010,"2,155.00"
11/18/2010,"2,164.00"
11/17/2010,"2,188.00"
11/16/2010,"2,219.00"
11/15/2010,"2,261.00"
11/12/2010,"2,313.00"
11/11/2010,"2,366.00"
11/10/2010,"2,454.00"
11/09/2010,"2,467.00"
11/08/2010,"2,482.00"
11/05/2010,"2,495.00"
11/04/2010,"2,510.00"
11/03/2010,"2,542.00"
11/02/2010,"2,600.00"
11/01/2010,"2,648.00"
10/29/2010,"2,678.00"
10/28/2010,"2,707.00"
10/27/2010,"2,784.00"
10/26/2010,"2,778.00"
10/25/2010,"2,748.00"
10/22/2010,"2,727.00"
10/21/2010,"2,720.00"
10/20/2010,"2,729.00"
10/19/2010,"2,744.00"
10/18/2010,"2,756.00"
10/15/2010,"2,762.00"
10/14/2010,"2,769.00"
10/13/2010,"2,748.00"
10/12/2010,"2,719.00"
10/11/2010,"2,695.00"
10/08/2010,"2,696.00"
10/07/2010,"2,662.00"
10/06/2010,"2,639.00"
10/05/2010,"2,569.00"
10/04/2010,"2,478.00"
10/01/2010,"2,452.00"
09/30/2010,"2,446.00"
09/29/2010,"2,468.00"
09/28/2010,"2,504.00"
09/27/2010,"2,451.00"
09/24/2010,"2,444.00"
09/23/2010,"2,461.00"
09/22/2010,"2,486.00"
09/21/2010,"2,562.00"
09/20/2010,"2,628.00"
09/17/2010,"2,676.00"
09/16/2010,"2,737.00"
09/15/2010,"2,840.00"
09/14/2010,"2,940.00"
09/13/2010,"2,976.00"
09/10/2010,"2,995.00"
09/09/2010,"2,988.00"
09/08/2010,"2,975.00"
09/07/2010,"2,918.00"
09/06/2010,"2,881.00"
09/03/2010,"2,876.00"
09/02/2010,"2,835.00"
09/01/2010,"2,741.00"
08/31/2010,"2,713.00"
08/27/2010,"2,712.00"
08/26/2010,"2,703.00"
08/25/2010,"2,773.00"
08/24/2010,"2,861.00"
08/23/2010,"2,841.00"
08/20/2010,"2,756.00"
08/19/2010,"2,644.00"
08/18/2010,"2,558.00"
08/17/2010,"2,515.00"
08/16/2010,"2,488.00"
08/13/2010,"2,468.00"
08/12/2010,"2,437.00"
08/11/2010,"2,378.00"
08/10/2010,"2,212.00"
08/09/2010,"2,114.00"
08/06/2010,"2,030.00"
08/05/2010,"1,978.00"
08/04/2010,"1,957.00"
08/03/2010,"1,964.00"
08/02/2010,"1,977.00"
07/30/2010,"1,967.00"
07/29/2010,"1,942.00"
07/28/2010,"1,901.00"
07/27/2010,"1,869.00"
07/26/2010,"1,841.00"
07/23/2010,"1,826.00"
07/22/2010,"1,801.00"
07/21/2010,"1,781.00"
07/20/2010,"1,761.00"
07/19/2010,"1,732.00"
07/16/2010,"1,720.00"
07/15/2010,"1,700.00"
07/14/2010,"1,709.00"
07/13/2010,"1,790.00"
07/12/2010,"1,840.00"
07/09/2010,"1,902.00"
07/08/2010,"1,940.00"
07/07/2010,"2,018.00"
07/06/2010,"2,127.00"
07/05/2010,"2,216.00"
07/02/2010,"2,280.00"
07/01/2010,"2,351.00"
06/30/2010,"2,406.00"
06/29/2010,"2,447.00"
06/28/2010,"2,482.00"
06/25/2010,"2,501.00"
06/24/2010,"2,502.00"
06/23/2010,"2,515.00"
06/22/2010,"2,547.00"
06/21/2010,"2,601.00"
06/18/2010,"2,694.00"
06/17/2010,"2,784.00"
06/16/2010,"2,893.00"
06/15/2010,"3,020.00"
06/14/2010,"3,115.00"
06/11/2010,"3,288.00"
06/10/2010,"3,423.00"
06/09/2010,"3,514.00"
06/08/2010,"3,579.00"
06/07/2010,"3,733.00"
06/04/2010,"3,844.00"
06/03/2010,"3,933.00"
06/02/2010,"4,041.00"
06/01/2010,"4,074.00"
05/28/2010,"4,078.00"
05/27/2010,"4,156.00"
05/26/2010,"4,209.00"
05/25/2010,"4,187.00"
05/24/2010,"3,943.00"
05/21/2010,"3,844.00"
05/20/2010,"3,803.00"
05/19/2010,"3,832.00"
05/18/2010,"3,882.00"
05/17/2010,"3,922.00"
05/14/2010,"3,929.00"
05/13/2010,"3,914.00"
05/12/2010,"3,888.00"
05/11/2010,"3,822.00"
05/10/2010,"3,707.00"
05/07/2010,"3,608.00"
05/06/2010,"3,468.00"
05/05/2010,"3,379.00"
05/04/2010,"3,352.00"
04/30/2010,"3,354.00"
04/29/2010,"3,359.00"
04/28/2010,"3,329.00"
04/27/2010,"3,203.00"
04/26/2010,"3,020.00"
04/23/2010,"3,013.00"
04/22/2010,"3,006.00"
04/21/2010,"3,009.00"
04/20/2010,"2,998.00"
04/19/2010,"3,002.00"
04/16/2010,"3,009.00"
04/15/2010,"3,001.00"
04/14/2010,"2,966.00"
04/13/2010,"2,928.00"
04/12/2010,"2,911.00"
04/09/2010,"2,913.00"
04/08/2010,"2,922.00"
04/07/2010,"2,947.00"
04/06/2010,"2,981.00"
04/02/2010,"2,991.00"
04/01/2010,"2,991.00"
03/31/2010,"2,998.00"
03/30/2010,"2,982.00"
03/29/2010,"3,021.00"
03/26/2010,"3,098.00"
03/25/2010,"3,177.00"
03/24/2010,"3,243.00"
03/23/2010,"3,280.00"
03/22/2010,"3,337.00"
03/19/2010,"3,379.00"
03/18/2010,"3,396.00"
03/17/2010,"3,427.00"
03/16/2010,"3,498.00"
03/15/2010,"3,574.00"
03/12/2010,"3,506.00"
03/11/2010,"3,316.00"
03/10/2010,"3,230.00"
03/09/2010,"3,210.00"
03/08/2010,"3,259.00"
03/05/2010,"3,242.00"
03/04/2010,"3,121.00"
03/03/2010,"2,911.00"
03/02/2010,"2,792.00"
03/01/2010,"2,760.00"
02/26/2010,"2,738.00"
02/25/2010,"2,711.00"
02/24/2010,"2,707.00"
02/23/2010,"2,724.00"
02/22/2010,"2,721.00"
02/19/2010,"2,714.00"
02/18/2010,"2,704.00"
02/17/2010,"2,661.00"
02/16/2010,"2,598.00"
02/15/2010,"2,566.00"
02/12/2010,"2,571.00"
02/11/2010,"2,575.00"
02/10/2010,"2,630.00"
02/09/2010,"2,706.00"
02/08/2010,"2,722.00"
02/05/2010,"2,715.00"
02/04/2010,"2,685.00"
02/03/2010,"2,673.00"
02/02/2010,"2,691.00"
02/01/2010,"2,745.00"
01/29/2010,"2,848.00"
01/28/2010,"2,963.00"
01/27/2010,"3,118.00"
01/26/2010,"3,205.00"
01/25/2010,"3,223.00"
01/22/2010,"3,204.00"
01/21/2010,"3,170.00"
01/20/2010,"3,158.00"
01/19/2010,"3,208.00"
01/18/2010,"3,295.00"
01/15/2010,"3,299.00"
01/14/2010,"3,235.00"
01/13/2010,"3,175.00"
01/12/2010,"3,160.00"
01/11/2010,"3,148.00"
01/08/2010,"3,140.00"
01/07/2010,"3,149.00"
01/06/2010,"3,259.00"
01/05/2010,"3,270.00"
01/04/2010,"3,140.00"
12/24/2009,"3,005.00"
12/23/2009,"3,023.00"
12/22/2009,"3,063.00"
12/21/2009,"3,154.00"
12/18/2009,"3,258.00"
12/17/2009,"3,376.00"
12/16/2009,"3,474.00"
12/15/2009,"3,518.00"
12/14/2009,"3,530.00"
12/11/2009,"3,579.00"
12/10/2009,"3,671.00"
12/09/2009,"3,791.00"
12/08/2009,"3,902.00"
12/07/2009,"4,036.00"
12/04/2009,"4,107.00"
12/03/2009,"4,062.00"
12/02/2009,"3,918.00"
12/01/2009,"3,836.00"
11/30/2009,"3,887.00"
11/27/2009,"3,974.00"
11/26/2009,"4,119.00"
11/25/2009,"4,234.00"
11/24/2009,"4,340.00"
11/23/2009,"4,423.00"
11/20/2009,"4,507.00"
11/19/2009,"4,661.00"
11/18/2009,"4,643.00"
11/17/2009,"4,381.00"
11/16/2009,"4,220.00"
11/13/2009,"4,111.00"
11/12/2009,"3,954.00"
11/11/2009,"3,748.00"
11/10/2009,"3,615.00"
11/09/2009,"3,480.00"
11/06/2009,"3,393.00"
11/05/2009,"3,335.00"
11/04/2009,"3,295.00"
11/03/2009,"3,247.00"
11/02/2009,"3,185.00"
10/30/2009,"3,103.00"
10/29/2009,"3,013.00"
10/28/2009,"2,986.00"
10/27/2009,"3,013.00"
10/26/2009,"3,044.00"
10/23/2009,"3,043.00"
10/22/2009,"3,001.00"
10/21/2009,"2,917.00"
10/20/2009,"2,832.00"
10/19/2009,"2,766.00"
10/16/2009,"2,728.00"
10/15/2009,"2,688.00"
10/14/2009,"2,597.00"
10/13/2009,"2,646.00"
10/12/2009,"2,696.00"
10/09/2009,"2,695.00"
10/08/2009,"2,647.00"
10/07/2009,"2,546.00"
10/06/2009,"2,441.00"
10/05/2009,"2,362.00"
10/02/2009,"2,357.00"
10/01/2009,"2,284.00"
09/30/2009,"2,220.00"
09/29/2009,"2,185.00"
09/28/2009,"2,192.00"
09/25/2009,"2,183.00"
09/24/2009,"2,163.00"
09/23/2009,"2,175.00"
09/22/2009,"2,246.00"
09/21/2009,"2,318.00"
09/18/2009,"2,356.00"
09/17/2009,"2,390.00"
09/16/2009,"2,415.00"
09/15/2009,"2,431.00"
09/14/2009,"2,450.00"
09/11/2009,"2,468.00"
09/10/2009,"2,492.00"
09/09/2009,"2,491.00"
09/08/2009,"2,462.00"
09/07/2009,"2,429.00"
09/04/2009,"2,415.00"
09/03/2009,"2,414.00"
09/02/2009,"2,413.00"
09/01/2009,"2,423.00"
08/28/2009,"2,421.00"
08/27/2009,"2,425.00"
08/26/2009,"2,427.00"
08/25/2009,"2,388.00"
08/24/2009,"2,437.00"
08/21/2009,"2,468.00"
08/20/2009,"2,534.00"
08/19/2009,"2,614.00"
08/18/2009,"2,704.00"
08/17/2009,"2,774.00"
08/14/2009,"2,752.00"
08/13/2009,"2,685.00"
08/12/2009,"2,612.00"
08/11/2009,"2,623.00"
08/10/2009,"2,689.00"
08/07/2009,"2,772.00"
08/06/2009,"2,907.00"
08/05/2009,"3,051.00"
08/04/2009,"3,159.00"
08/03/2009,"3,251.00"
07/31/2009,"3,350.00"
07/30/2009,"3,445.00"
07/29/2009,"3,499.00"
07/28/2009,"3,475.00"
07/27/2009,"3,407.00"
07/24/2009,"3,345.00"
07/23/2009,"3,355.00"
07/22/2009,"3,407.00"
07/21/2009,"3,455.00"
07/20/2009,"3,511.00"
07/17/2009,"3,542.00"
07/16/2009,"3,501.00"
07/15/2009,"3,324.00"
07/14/2009,"3,097.00"
07/13/2009,"2,975.00"
07/10/2009,"2,985.00"
07/09/2009,"3,018.00"
07/08/2009,"3,107.00"
07/07/2009,"3,216.00"
07/06/2009,"3,375.00"
07/03/2009,"3,520.00"
07/02/2009,"3,672.00"
07/01/2009,"3,742.00"
06/30/2009,"3,757.00"
06/29/2009,"3,734.00"
06/26/2009,"3,703.00"
06/25/2009,"3,703.00"
06/24/2009,"3,751.00"
06/23/2009,"3,874.00"
06/22/2009,"4,029.00"
06/19/2009,"4,070.00"
06/18/2009,"4,073.00"
06/17/2009,"4,026.00"
06/16/2009,"3,951.00"
06/15/2009,"3,763.00"
06/12/2009,"3,583.00"
06/11/2009,"3,483.00"
06/10/2009,"3,452.00"
06/09/2009,"3,518.00"
06/08/2009,"3,646.00"
06/05/2009,"3,809.00"
06/04/2009,"4,093.00"
06/03/2009,"4,291.00"
06/02/2009,"4,106.00"
06/01/2009,"3,681.00"
05/29/2009,"3,494.00"
05/28/2009,"3,298.00"
05/27/2009,"3,164.00"
05/26/2009,"2,942.00"
05/22/2009,"2,786.00"
05/21/2009,"2,665.00"
05/20/2009,"2,665.00"
05/19/2009,"2,644.00"
05/18/2009,"2,605.00"
05/15/2009,"2,544.00"
05/14/2009,"2,432.00"
05/13/2009,"2,332.00"
05/12/2009,"2,253.00"
05/11/2009,"2,215.00"
05/08/2009,"2,214.00"
05/07/2009,"2,194.00"
05/06/2009,"2,065.00"
05/05/2009,"1,897.00"
05/01/2009,"1,806.00"
04/30/2009,"1,786.00"
04/29/2009,"1,772.00"
04/28/2009,"1,790.00"
04/27/2009,"1,839.00"
04/24/2009,"1,873.00"
04/23/2009,"1,897.00"
04/22/2009,"1,869.00"
04/21/2009,"1,797.00"
04/20/2009,"1,737.00"
04/17/2009,"1,682.00"
04/16/2009,"1,604.00"
04/15/2009,"1,534.00"
04/14/2009,"1,492.00"
04/09/2009,"1,478.00"
04/08/2009,"1,463.00"
04/07/2009,"1,466.00"
04/06/2009,"1,486.00"
04/03/2009,"1,506.00"
04/02/2009,"1,538.00"
04/01/2009,"1,574.00"
03/31/2009,"1,615.00"
03/30/2009,"1,646.00"
03/27/2009,"1,678.00"
03/26/2009,"1,714.00"
03/25/2009,"1,740.00"
03/24/2009,"1,758.00"
03/23/2009,"1,773.00"
03/20/2009,"1,782.00"
03/19/2009,"1,795.00"
03/18/2009,"1,861.00"
03/17/2009,"1,974.00"
03/16/2009,"2,058.00"
03/13/2009,"2,122.00"
03/12/2009,"2,201.00"
03/11/2009,"2,271.00"
03/10/2009,"2,298.00"
03/09/2009,"2,262.00"
03/06/2009,"2,225.00"
03/05/2009,"2,167.00"
03/04/2009,"2,084.00"
03/03/2009,"2,034.00"
03/02/2009,"2,014.00"
02/27/2009,"1,986.00"
02/26/2009,"1,950.00"
02/25/2009,"1,960.00"
02/24/2009,"2,010.00"
02/23/2009,"2,084.00"
02/20/2009,"2,099.00"
02/19/2009,"2,057.00"
02/18/2009,"1,986.00"
02/17/2009,"1,895.00"
02/16/2009,"1,846.00"
02/13/2009,"1,908.00"
02/12/2009,"1,989.00"
02/11/2009,"2,055.00"
02/10/2009,"1,974.00"
02/09/2009,"1,815.00"
02/06/2009,"1,642.00"
02/05/2009,"1,498.00"
02/04/2009,"1,316.00"
02/03/2009,"1,148.00"
02/02/2009,"1,099.00"
01/30/2009,"1,070.00"
01/29/2009,"1,036.00"
01/28/2009,"1,014.00"
01/27/2009,"1,004.00"
01/26/2009,995
01/23/2009,980
01/22/2009,945
01/21/2009,900
01/20/2009,872
01/19/2009,868
01/16/2009,881
01/15/2009,908
01/14/2009,920
01/13/2009,911
01/12/2009,889
01/09/2009,872
01/08/2009,821
01/07/2009,789
01/06/2009,775
01/05/2009,772
01/02/2009,773
12/24/2008,774
12/23/2008,784
12/22/2008,801
12/19/2008,818
12/18/2008,829
12/17/2008,836
12/16/2008,828
12/15/2008,803
12/12/2008,764
12/11/2008,711
12/10/2008,691
12/09/2008,679
12/08/2008,671
12/05/2008,663
12/04/2008,666
12/03/2008,672
12/02/2008,684
12/01/2008,700
11/28/2008,715
11/27/2008,733
11/26/2008,763
11/25/2008,804
11/24/2008,824
11/21/2008,836
11/20/2008,847
11/19/2008,859
11/18/2008,865
11/17/2008,856
11/14/2008,841
11/13/2008,838
11/12/2008,824
11/11/2008,818
11/10/2008,820
11/07/2008,829
11/06/2008,839
11/05/2008,826
11/04/2008,815
11/03/2008,827
10/31/2008,851
10/30/2008,885
10/29/2008,925
10/28/2008,982
10/27/2008,"1,048.00"
10/24/2008,"1,102.00"
10/23/2008,"1,149.00"
10/22/2008,"1,221.00"
10/21/2008,"1,292.00"
10/20/2008,"1,355.00"
10/17/2008,"1,438.00"
10/16/2008,"1,506.00"
10/15/2008,"1,615.00"
10/14/2008,"1,809.00"
10/13/2008,"1,976.00"
10/10/2008,"2,221.00"
10/09/2008,"2,503.00"
10/08/2008,"2,764.00"
10/07/2008,"2,922.00"
10/06/2008,"2,992.00"
10/03/2008,"3,002.00"
10/02/2008,"2,990.00"
10/01/2008,"3,025.00"
09/30/2008,"3,217.00"
09/29/2008,"3,504.00"
09/26/2008,"3,746.00"
09/25/2008,"4,163.00"
09/24/2008,"4,489.00"
09/23/2008,"4,782.00"
09/22/2008,"4,949.00"
09/19/2008,"4,975.00"
09/18/2008,"4,958.00"
09/17/2008,"4,856.00"
09/16/2008,"4,760.00"
09/15/2008,"4,747.00"
09/12/2008,"4,800.00"
09/11/2008,"4,893.00"
09/10/2008,"5,026.00"
09/09/2008,"5,255.00"
09/08/2008,"5,492.00"
09/05/2008,"5,663.00"
09/04/2008,"5,874.00"
09/03/2008,"6,146.00"
09/02/2008,"6,466.00"
09/01/2008,"6,691.00"
08/29/2008,"6,809.00"
08/28/2008,"6,929.00"
08/27/2008,"7,050.00"
08/26/2008,"7,115.00"
08/22/2008,"7,147.00"
08/21/2008,"7,190.00"
08/20/2008,"7,344.00"
08/19/2008,"7,543.00"
08/18/2008,"7,622.00"
08/15/2008,"7,557.00"
08/14/2008,"7,420.00"
08/13/2008,"7,097.00"
08/12/2008,"6,992.00"
08/11/2008,"7,055.00"
08/08/2008,"7,201.00"
08/07/2008,"7,521.00"
08/06/2008,"7,869.00"
08/05/2008,"8,100.00"
08/04/2008,"8,209.00"
08/01/2008,"8,280.00"
07/31/2008,"8,341.00"
07/30/2008,"8,388.00"
07/29/2008,"8,434.00"
07/28/2008,"8,513.00"
07/25/2008,"8,637.00"
07/24/2008,"8,771.00"
07/23/2008,"8,856.00"
07/22/2008,"8,904.00"
07/21/2008,"8,961.00"
07/18/2008,"9,012.00"
07/17/2008,"9,059.00"
07/16/2008,"9,092.00"
07/15/2008,"9,150.00"
07/14/2008,"9,181.00"
07/11/2008,"9,230.00"
07/10/2008,"9,313.00"
07/09/2008,"9,272.00"
07/08/2008,"9,147.00"
07/07/2008,"8,964.00"
07/04/2008,"8,854.00"
07/03/2008,"8,925.00"
07/02/2008,"9,139.00"
07/01/2008,"9,379.00"
06/30/2008,"9,589.00"
06/27/2008,"9,599.00"
06/26/2008,"9,473.00"
06/25/2008,"9,244.00"
06/24/2008,"9,139.00"
06/23/2008,"9,211.00"
06/20/2008,"9,428.00"
06/19/2008,"9,474.00"
06/18/2008,"9,437.00"
06/17/2008,"9,413.00"
06/16/2008,"9,419.00"
06/13/2008,"9,646.00"
06/12/2008,"10,142.00"
06/11/2008,"11,105.00"
06/10/2008,"11,409.00"
06/09/2008,"11,534.00"
06/06/2008,"11,612.00"
06/05/2008,"11,689.00"
06/04/2008,"11,623.00"
06/03/2008,"11,503.00"
06/02/2008,"11,458.00"
05/30/2008,"11,440.00"
05/29/2008,"11,347.00"
05/28/2008,"11,245.00"
05/27/2008,"11,269.00"
05/23/2008,"11,465.00"
05/22/2008,"11,648.00"
05/21/2008,"11,771.00"
05/20/2008,"11,793.00"
05/19/2008,"11,709.00"
05/16/2008,"11,459.00"
05/15/2008,"11,067.00"
05/14/2008,"10,649.00"
05/13/2008,"10,354.00"
05/12/2008,"10,220.00"
05/09/2008,"10,237.00"
05/08/2008,"10,221.00"
05/07/2008,"10,104.00"
05/06/2008,"9,855.00"
05/02/2008,"9,581.00"
05/01/2008,"9,439.00"
04/30/2008,"9,356.00"
04/29/2008,"9,273.00"
04/28/2008,"9,344.00"
04/25/2008,"9,329.00"
04/24/2008,"9,182.00"
04/23/2008,"8,862.00"
04/22/2008,"8,550.00"
04/21/2008,"8,350.00"
04/18/2008,"8,203.00"
04/17/2008,"8,038.00"
04/16/2008,"7,967.00"
04/15/2008,"7,957.00"
04/14/2008,"7,961.00"
04/11/2008,"7,889.00"
04/10/2008,"7,823.00"
04/09/2008,"7,760.00"
04/08/2008,"7,754.00"
04/07/2008,"7,741.00"
04/04/2008,"7,737.00"
04/03/2008,"7,690.00"
04/02/2008,"7,655.00"
04/01/2008,"7,890.00"
03/31/2008,"8,081.00"
03/28/2008,"8,069.00"
03/27/2008,"7,884.00"
03/26/2008,"7,679.00"
03/25/2008,"7,619.00"
03/20/2008,"7,684.00"
03/19/2008,"7,801.00"
03/18/2008,"7,893.00"
03/17/2008,"7,913.00"
03/14/2008,"7,972.00"
03/13/2008,"8,092.00"
03/12/2008,"8,346.00"
03/11/2008,"8,560.00"
03/10/2008,"8,624.00"
03/07/2008,"8,536.00"
03/06/2008,"8,403.00"
03/05/2008,"8,162.00"
03/04/2008,"7,993.00"
03/03/2008,"7,878.00"
02/29/2008,"7,613.00"
02/28/2008,"7,332.00"
02/27/2008,"7,299.00"
02/26/2008,"7,312.00"
02/25/2008,"7,296.00"
02/22/2008,"7,187.00"
02/21/2008,"6,998.00"
02/20/2008,"7,081.00"
02/19/2008,"7,319.00"
02/18/2008,"7,381.00"
02/15/2008,"7,355.00"
02/14/2008,"7,212.00"
02/13/2008,"6,965.00"
02/12/2008,"6,712.00"
02/11/2008,"6,520.00"
02/08/2008,"6,353.00"
02/07/2008,"6,135.00"
02/06/2008,"6,002.00"
02/05/2008,"6,032.00"
02/04/2008,"6,121.00"
02/01/2008,"6,134.00"
01/31/2008,"6,052.00"
01/30/2008,"5,900.00"
01/29/2008,"5,615.00"
01/28/2008,"5,692.00"
01/25/2008,"5,780.00"
01/24/2008,"5,948.00"
01/23/2008,"6,246.00"
01/22/2008,"6,437.00"
01/21/2008,"6,513.00"
01/18/2008,"6,462.00"
01/17/2008,"6,472.00"
01/16/2008,"6,915.00"
01/15/2008,"7,336.00"
01/14/2008,"7,654.00"
01/11/2008,"7,949.00"
01/10/2008,"8,333.00"
01/09/2008,"8,621.00"
01/08/2008,"8,730.00"
01/07/2008,"8,732.00"
01/04/2008,"8,702.00"
01/03/2008,"8,756.00"
01/02/2008,"8,891.00"
12/24/2007,"9,143.00"
12/21/2007,"9,236.00"
12/20/2007,"9,392.00"
12/19/2007,"9,591.00"
12/18/2007,"9,751.00"
12/17/2007,"9,848.00"
12/14/2007,"9,918.00"
12/13/2007,"9,949.00"
12/12/2007,"9,936.00"
12/11/2007,"9,929.00"
12/10/2007,"9,992.00"
12/07/2007,"10,068.00"
12/06/2007,"10,142.00"
12/05/2007,"10,216.00"
12/04/2007,"10,285.00"
12/03/2007,"10,270.00"
11/30/2007,"10,210.00"
11/29/2007,"10,092.00"
11/28/2007,"9,922.00"
11/27/2007,"9,897.00"
11/26/2007,"10,003.00"
11/23/2007,"10,148.00"
11/22/2007,"10,328.00"
11/21/2007,"10,517.00"
11/20/2007,"10,647.00"
11/19/2007,"10,780.00"
11/16/2007,"10,870.00"
11/15/2007,"10,938.00"
11/14/2007,"10,995.00"
11/13/2007,"11,039.00"
11/12/2007,"10,995.00"
11/09/2007,"10,867.00"
11/08/2007,"10,744.00"
11/07/2007,"10,674.00"
11/06/2007,"10,605.00"
11/05/2007,"10,539.00"
11/02/2007,"10,548.00"
11/01/2007,"10,581.00"
10/31/2007,"10,656.00"
10/30/2007,"10,886.00"
10/29/2007,"11,033.00"
10/26/2007,"11,025.00"
10/25/2007,"10,994.00"
10/24/2007,"10,984.00"
10/23/2007,"10,944.00"
10/22/2007,"10,853.00"
10/19/2007,"10,798.00"
10/18/2007,"10,732.00"
10/17/2007,"10,724.00"
10/16/2007,"10,748.00"
10/15/2007,"10,756.00"
10/12/2007,"10,695.00"
10/11/2007,"10,513.00"
10/10/2007,"10,218.00"
10/09/2007,"9,860.00"
10/08/2007,"9,665.00"
10/05/2007,"9,535.00"
10/04/2007,"9,513.00"
10/03/2007,"9,561.00"
10/02/2007,"9,566.00"
10/01/2007,"9,537.00"
09/28/2007,"9,474.00"
09/27/2007,"9,370.00"
09/26/2007,"9,259.00"
09/25/2007,"9,215.00"
09/24/2007,"9,082.00"
09/21/2007,"8,956.00"
09/20/2007,"8,619.00"
09/19/2007,"8,429.00"
09/18/2007,"8,313.00"
09/17/2007,"8,296.00"
09/14/2007,"8,302.00"
09/13/2007,"8,340.00"
09/12/2007,"8,421.00"
09/11/2007,"8,468.00"
09/10/2007,"8,477.00"
09/07/2007,"8,410.00"
09/06/2007,"8,270.00"
09/05/2007,"8,090.00"
09/04/2007,"7,907.00"
09/03/2007,"7,783.00"
08/31/2007,"7,702.00"
08/30/2007,"7,586.00"
08/29/2007,"7,474.00"
08/28/2007,"7,381.00"
08/24/2007,"7,277.00"
08/23/2007,"7,237.00"
08/22/2007,"7,211.00"
08/21/2007,"7,243.00"
08/20/2007,"7,289.00"
08/17/2007,"7,313.00"
08/16/2007,"7,319.00"
08/15/2007,"7,231.00"
08/14/2007,"7,143.00"
08/13/2007,"7,066.00"
08/10/2007,"7,011.00"
08/09/2007,"6,936.00"
08/08/2007,"6,917.00"
08/07/2007,"6,966.00"
08/06/2007,"6,990.00"
08/03/2007,"7,007.00"
08/02/2007,"7,000.00"
08/01/2007,"6,993.00"
07/31/2007,"6,967.00"
07/30/2007,"6,936.00"
07/27/2007,"6,890.00"
07/26/2007,"6,838.00"
07/25/2007,"6,780.00"
07/24/2007,"6,720.00"
07/23/2007,"6,659.00"
07/20/2007,"6,601.00"
07/19/2007,"6,567.00"
07/18/2007,"6,582.00"
07/17/2007,"6,637.00"
07/16/2007,"6,692.00"
07/13/2007,"6,706.00"
07/12/2007,"6,656.00"
07/11/2007,"6,484.00"
07/10/2007,"6,301.00"
07/09/2007,"6,220.00"
07/06/2007,"6,201.00"
07/05/2007,"6,251.00"
07/04/2007,"6,293.00"
07/03/2007,"6,302.00"
07/02/2007,"6,304.00"
06/29/2007,"6,278.00"
06/28/2007,"6,234.00"
06/27/2007,"6,180.00"
06/26/2007,"6,105.00"
06/25/2007,"6,038.00"
06/22/2007,"5,922.00"
06/21/2007,"5,672.00"
06/20/2007,"5,438.00"
06/19/2007,"5,310.00"
06/18/2007,"5,254.00"
06/15/2007,"5,258.00"
06/14/2007,"5,302.00"
06/13/2007,"5,407.00"
06/12/2007,"5,538.00"
06/11/2007,"5,661.00"
06/08/2007,"5,736.00"
06/07/2007,"5,877.00"
06/06/2007,"5,988.00"
06/05/2007,"6,023.00"
06/04/2007,"6,011.00"
06/01/2007,"5,983.00"
05/31/2007,"5,971.00"
05/30/2007,"6,023.00"
05/29/2007,"6,123.00"
05/25/2007,"6,212.00"
05/24/2007,"6,304.00"
05/23/2007,"6,422.00"
05/22/2007,"6,471.00"
05/21/2007,"6,521.00"
05/18/2007,"6,554.00"
05/17/2007,"6,603.00"
05/16/2007,"6,650.00"
05/15/2007,"6,688.00"
05/14/2007,"6,685.00"
05/11/2007,"6,648.00"
05/10/2007,"6,585.00"
05/09/2007,"6,478.00"
05/08/2007,"6,395.00"
05/04/2007,"6,321.00"
05/03/2007,"6,276.00"
05/02/2007,"6,262.00"
05/01/2007,"6,255.00"
04/30/2007,"6,248.00"
04/27/2007,"6,230.00"
04/26/2007,"6,192.00"
04/25/2007,"6,122.00"
04/24/2007,"6,029.00"
04/23/2007,"5,922.00"
04/20/2007,"5,850.00"
04/19/2007,"5,782.00"
04/18/2007,"5,700.00"
04/17/2007,"5,601.00"
04/16/2007,"5,562.00"
04/13/2007,"5,553.00"
04/12/2007,"5,546.00"
04/11/2007,"5,556.00"
04/10/2007,"5,552.00"
04/05/2007,"5,532.00"
04/04/2007,"5,487.00"
04/03/2007,"5,439.00"
04/02/2007,"5,417.00"
03/30/2007,"5,388.00"
03/29/2007,"5,355.00"
03/28/2007,"5,356.00"
03/27/2007,"5,364.00"
03/26/2007,"5,357.00"
03/23/2007,"5,330.00"
03/22/2007,"5,275.00"
03/21/2007,"5,226.00"
03/20/2007,"5,172.00"
03/19/2007,"5,123.00"
03/16/2007,"5,086.00"
03/15/2007,"5,071.00"
03/14/2007,"5,077.00"
03/13/2007,"5,069.00"
03/12/2007,"5,041.00"
03/09/2007,"5,000.00"
03/08/2007,"4,963.00"
03/07/2007,"4,937.00"
03/06/2007,"4,921.00"
03/05/2007,"4,908.00"
03/02/2007,"4,872.00"
03/01/2007,"4,818.00"
02/28/2007,"4,765.00"
02/27/2007,"4,704.00"
02/26/2007,"4,609.00"
02/23/2007,"4,545.00"
02/22/2007,"4,456.00"
02/21/2007,"4,399.00"
02/20/2007,"4,359.00"
02/19/2007,"4,355.00"
02/16/2007,"4,355.00"
02/15/2007,"4,352.00"
02/14/2007,"4,366.00"
02/13/2007,"4,360.00"
02/12/2007,"4,348.00"
02/09/2007,"4,328.00"
02/08/2007,"4,323.00"
02/07/2007,"4,313.00"
02/06/2007,"4,291.00"
02/05/2007,"4,265.00"
02/02/2007,"4,243.00"
02/01/2007,"4,219.00"
01/31/2007,"4,225.00"
01/30/2007,"4,287.00"
01/29/2007,"4,343.00"
01/26/2007,"4,367.00"
01/25/2007,"4,385.00"
01/24/2007,"4,381.00"
01/23/2007,"4,360.00"
01/22/2007,"4,340.00"
01/19/2007,"4,362.00"
01/18/2007,"4,411.00"
01/17/2007,"4,481.00"
01/16/2007,"4,555.00"
01/15/2007,"4,629.00"
01/12/2007,"4,642.00"
01/11/2007,"4,647.00"
01/10/2007,"4,640.00"
01/09/2007,"4,617.00"
01/08/2007,"4,579.00"
01/05/2007,"4,539.00"
01/04/2007,"4,494.00"
01/03/2007,"4,452.00"
01/02/2007,"4,421.00"
12/22/2006,"4,397.00"
12/21/2006,"4,362.00"
12/20/2006,"4,336.00"
12/19/2006,"4,330.00"
12/18/2006,"4,324.00"
12/15/2006,"4,318.00"
12/14/2006,"4,307.00"
12/13/2006,"4,294.00"
12/12/2006,"4,270.00"
12/11/2006,"4,275.00"
12/08/2006,"4,294.00"
12/07/2006,"4,323.00"
12/06/2006,"4,367.00"
12/05/2006,"4,407.00"
12/04/2006,"4,400.00"
12/01/2006,"4,369.00"
11/30/2006,"4,336.00"
11/29/2006,"4,298.00"
11/28/2006,"4,255.00"
11/27/2006,"4,208.00"
11/24/2006,"4,185.00"
11/23/2006,"4,163.00"
11/22/2006,"4,144.00"
11/21/2006,"4,138.00"
11/20/2006,"4,137.00"
11/17/2006,"4,129.00"
11/16/2006,"4,121.00"
11/15/2006,"4,134.00"
11/14/2006,"4,153.00"
11/13/2006,"4,180.00"
11/10/2006,"4,210.00"
11/09/2006,"4,245.00"
11/08/2006,"4,256.00"
11/07/2006,"4,242.00"
11/06/2006,"4,214.00"
11/03/2006,"4,188.00"
11/02/2006,"4,146.00"
11/01/2006,"4,100.00"
10/31/2006,"4,037.00"
10/30/2006,"4,006.00"
10/27/2006,"3,982.00"
10/26/2006,"3,955.00"
10/25/2006,"3,960.00"
10/24/2006,"3,978.00"
10/23/2006,"3,996.00"
10/20/2006,"4,017.00"
10/19/2006,"4,053.00"
10/18/2006,"4,109.00"
10/17/2006,"4,159.00"
10/16/2006,"4,182.00"
10/13/2006,"4,169.00"
10/12/2006,"4,126.00"
10/11/2006,"4,070.00"
10/10/2006,"4,042.00"
10/09/2006,"4,015.00"
10/06/2006,"3,964.00"
10/05/2006,"3,931.00"
10/04/2006,"3,941.00"
10/03/2006,"3,960.00"
10/02/2006,"3,956.00"
09/29/2006,"3,944.00"
09/28/2006,"3,911.00"
09/27/2006,"3,915.00"
09/26/2006,"3,979.00"
09/25/2006,"4,069.00"
09/22/2006,"4,136.00"
09/21/2006,"4,200.00"
09/20/2006,"4,244.00"
09/19/2006,"4,275.00"
09/18/2006,"4,279.00"
09/15/2006,"4,258.00"
09/14/2006,"4,207.00"
09/13/2006,"4,129.00"
09/12/2006,"4,010.00"
09/11/2006,"3,948.00"
09/08/2006,"3,914.00"
09/07/2006,"3,888.00"
09/06/2006,"3,877.00"
09/05/2006,"3,882.00"
09/04/2006,"3,882.00"
09/01/2006,"3,875.00"
08/31/2006,"3,847.00"
08/30/2006,"3,795.00"
08/29/2006,"3,750.00"
08/25/2006,"3,690.00"
08/24/2006,"3,644.00"
08/23/2006,"3,633.00"
08/22/2006,"3,672.00"
08/21/2006,"3,720.00"
08/18/2006,"3,755.00"
08/17/2006,"3,812.00"
08/16/2006,"3,841.00"
08/15/2006,"3,824.00"
08/14/2006,"3,755.00"
08/11/2006,"3,714.00"
08/10/2006,"3,681.00"
08/09/2006,"3,678.00"
08/08/2006,"3,679.00"
08/07/2006,"3,654.00"
08/04/2006,"3,617.00"
08/03/2006,"3,560.00"
08/02/2006,"3,450.00"
08/01/2006,"3,337.00"
07/31/2006,"3,285.00"
07/28/2006,"3,260.00"
07/27/2006,"3,236.00"
07/26/2006,"3,227.00"
07/25/2006,"3,221.00"
07/24/2006,"3,202.00"
07/21/2006,"3,191.00"
07/20/2006,"3,162.00"
07/19/2006,"3,116.00"
07/18/2006,"3,053.00"
07/17/2006,"3,004.00"
07/14/2006,"2,968.00"
07/13/2006,"2,905.00"
07/12/2006,"2,865.00"
07/11/2006,"2,849.00"
07/10/2006,"2,864.00"
07/07/2006,"2,870.00"
07/06/2006,"2,894.00"
07/05/2006,"2,926.00"
07/04/2006,"2,965.00"
07/03/2006,"2,983.00"
06/30/2006,"2,964.00"
06/29/2006,"2,935.00"
06/28/2006,"2,898.00"
06/27/2006,"2,862.00"
06/26/2006,"2,829.00"
06/23/2006,"2,808.00"
06/22/2006,"2,774.00"
06/21/2006,"2,739.00"
06/20/2006,"2,729.00"
06/19/2006,"2,728.00"
06/16/2006,"2,725.00"
06/15/2006,"2,723.00"
06/14/2006,"2,715.00"
06/13/2006,"2,699.00"
06/12/2006,"2,672.00"
06/09/2006,"2,653.00"
06/08/2006,"2,631.00"
06/07/2006,"2,599.00"
06/06/2006,"2,580.00"
06/05/2006,"2,551.00"
06/02/2006,"2,514.00"
06/01/2006,"2,478.00"
05/31/2006,"2,436.00"
05/30/2006,"2,416.00"
05/26/2006,"2,432.00"
05/25/2006,"2,442.00"
05/24/2006,"2,453.00"
05/23/2006,"2,468.00"
05/22/2006,"2,476.00"
05/19/2006,"2,479.00"
05/18/2006,"2,482.00"
05/17/2006,"2,492.00"
05/16/2006,"2,502.00"
05/15/2006,"2,501.00"
05/12/2006,"2,491.00"
05/11/2006,"2,472.00"
05/10/2006,"2,440.00"
05/09/2006,"2,414.00"
05/08/2006,"2,399.00"
05/05/2006,"2,383.00"
05/04/2006,"2,372.00"
05/03/2006,"2,365.00"
05/02/2006,"2,364.00"
04/28/2006,"2,368.00"
04/27/2006,"2,370.00"
04/26/2006,"2,378.00"
04/25/2006,"2,397.00"
04/24/2006,"2,421.00"
04/21/2006,"2,434.00"
04/20/2006,"2,451.00"
04/19/2006,"2,479.00"
04/18/2006,"2,495.00"
04/13/2006,"2,503.00"
04/12/2006,"2,504.00"
04/11/2006,"2,515.00"
04/10/2006,"2,516.00"
04/07/2006,"2,514.00"
04/06/2006,"2,504.00"
04/05/2006,"2,508.00"
04/04/2006,"2,513.00"
04/03/2006,"2,508.00"
03/31/2006,"2,496.00"
03/30/2006,"2,496.00"
03/29/2006,"2,510.00"
03/28/2006,"2,533.00"
03/27/2006,"2,569.00"
03/24/2006,"2,565.00"
03/23/2006,"2,550.00"
03/22/2006,"2,526.00"
03/21/2006,"2,511.00"
03/20/2006,"2,493.00"
03/17/2006,"2,502.00"
03/16/2006,"2,537.00"
03/15/2006,"2,605.00"
03/14/2006,"2,666.00"
03/13/2006,"2,697.00"
03/10/2006,"2,704.00"
03/09/2006,"2,702.00"
03/08/2006,"2,682.00"
03/07/2006,"2,667.00"
03/06/2006,"2,674.00"
03/03/2006,"2,682.00"
03/02/2006,"2,698.00"
03/01/2006,"2,708.00"
02/28/2006,"2,680.00"
02/27/2006,"2,644.00"
02/24/2006,"2,622.00"
02/23/2006,"2,626.00"
02/22/2006,"2,668.00"
02/21/2006,"2,792.00"
02/20/2006,"2,798.00"
02/17/2006,"2,740.00"
02/16/2006,"2,621.00"
02/15/2006,"2,484.00"
02/14/2006,"2,389.00"
02/13/2006,"2,328.00"
02/10/2006,"2,297.00"
02/09/2006,"2,256.00"
02/08/2006,"2,223.00"
02/07/2006,"2,192.00"
02/06/2006,"2,167.00"
02/03/2006,"2,145.00"
02/02/2006,"2,115.00"
02/01/2006,"2,087.00"
01/31/2006,"2,081.00"
01/30/2006,"2,069.00"
01/27/2006,"2,057.00"
01/26/2006,"2,037.00"
01/25/2006,"2,033.00"
01/24/2006,"2,050.00"
01/23/2006,"2,084.00"
01/20/2006,"2,121.00"
01/19/2006,"2,169.00"
01/18/2006,"2,214.00"
01/17/2006,"2,263.00"
01/16/2006,"2,307.00"
01/13/2006,"2,341.00"
01/12/2006,"2,382.00"
01/11/2006,"2,428.00"
01/10/2006,"2,470.00"
01/09/2006,"2,493.00"
01/06/2006,"2,497.00"
01/05/2006,"2,495.00"
01/04/2006,"2,468.00"
01/03/2006,"2,438.00"
12/23/2005,"2,407.00"
12/22/2005,"2,417.00"
12/21/2005,"2,439.00"
12/20/2005,"2,475.00"
12/19/2005,"2,510.00"
12/16/2005,"2,536.00"
12/15/2005,"2,566.00"
12/14/2005,"2,582.00"
12/13/2005,"2,613.00"
12/12/2005,"2,624.00"
12/09/2005,"2,639.00"
12/08/2005,"2,650.00"
12/07/2005,"2,693.00"
12/06/2005,"2,746.00"
12/05/2005,"2,764.00"
12/02/2005,"2,767.00"
12/01/2005,"2,772.00"
11/30/2005,"2,770.00"
11/29/2005,"2,743.00"
11/28/2005,"2,739.00"
11/25/2005,"2,757.00"
11/24/2005,"2,786.00"
11/23/2005,"2,810.00"
11/22/2005,"2,837.00"
11/21/2005,"2,869.00"
11/18/2005,"2,898.00"
11/17/2005,"2,935.00"
11/16/2005,"2,991.00"
11/15/2005,"3,029.00"
11/14/2005,"3,048.00"
11/11/2005,"3,033.00"
11/10/2005,"3,004.00"
11/09/2005,"2,946.00"
11/08/2005,"2,935.00"
11/07/2005,"2,945.00"
11/04/2005,"2,967.00"
11/03/2005,"2,988.00"
11/02/2005,"3,030.00"
11/01/2005,"3,081.00"
10/31/2005,"3,113.00"
10/28/2005,"3,140.00"
10/27/2005,"3,149.00"
10/26/2005,"3,139.00"
10/25/2005,"3,125.00"
10/24/2005,"3,116.00"
10/21/2005,"3,130.00"
10/20/2005,"3,162.00"
10/19/2005,"3,227.00"
10/18/2005,"3,305.00"
10/17/2005,"3,361.00"
10/14/2005,"3,370.00"
10/13/2005,"3,337.00"
10/12/2005,"3,273.00"
10/11/2005,"3,202.00"
10/10/2005,"3,137.00"
10/07/2005,"3,098.00"
10/06/2005,"3,062.00"
10/05/2005,"3,019.00"
10/04/2005,"2,981.00"
10/03/2005,"2,944.00"
09/30/2005,"2,907.00"
09/29/2005,"2,907.00"
09/28/2005,"2,953.00"
09/27/2005,"3,011.00"
09/26/2005,"3,058.00"
09/23/2005,"3,069.00"
09/22/2005,"3,073.00"
09/21/2005,"3,056.00"
09/20/2005,"3,011.00"
09/19/2005,"2,977.00"
09/16/2005,"2,949.00"
09/15/2005,"2,885.00"
09/14/2005,"2,819.00"
09/13/2005,"2,766.00"
09/12/2005,"2,701.00"
09/09/2005,"2,626.00"
09/08/2005,"2,561.00"
09/07/2005,"2,480.00"
09/06/2005,"2,418.00"
09/05/2005,"2,424.00"
09/02/2005,"2,479.00"
09/01/2005,"2,548.00"
08/31/2005,"2,592.00"
08/30/2005,"2,608.00"
08/26/2005,"2,625.00"
08/25/2005,"2,631.00"
08/24/2005,"2,634.00"
08/23/2005,"2,612.00"
08/22/2005,"2,567.00"
08/19/2005,"2,478.00"
08/18/2005,"2,372.00"
08/17/2005,"2,286.00"
08/16/2005,"2,215.00"
08/15/2005,"2,169.00"
08/12/2005,"2,125.00"
08/11/2005,"2,044.00"
08/10/2005,"1,959.00"
08/09/2005,"1,907.00"
08/08/2005,"1,868.00"
08/05/2005,"1,819.00"
08/04/2005,"1,769.00"
08/03/2005,"1,747.00"
08/02/2005,"1,749.00"
08/01/2005,"1,769.00"
07/29/2005,"1,804.00"
07/28/2005,"1,851.00"
07/27/2005,"1,896.00"
07/26/2005,"1,951.00"
07/25/2005,"2,004.00"
07/22/2005,"2,054.00"
07/21/2005,"2,133.00"
07/20/2005,"2,201.00"
07/19/2005,"2,247.00"
07/18/2005,"2,285.00"
07/15/2005,"2,307.00"
07/14/2005,"2,320.00"
07/13/2005,"2,338.00"
07/12/2005,"2,345.00"
07/11/2005,"2,354.00"
07/08/2005,"2,365.00"
07/07/2005,"2,384.00"
07/06/2005,"2,402.00"
07/05/2005,"2,434.00"
07/04/2005,"2,461.00"
07/01/2005,"2,486.00"
06/30/2005,"2,521.00"
06/29/2005,"2,573.00"
06/28/2005,"2,606.00"
06/27/2005,"2,621.00"
06/24/2005,"2,617.00"
06/23/2005,"2,593.00"
06/22/2005,"2,548.00"
06/21/2005,"2,510.00"
06/20/2005,"2,518.00"
06/17/2005,"2,543.00"
06/16/2005,"2,586.00"
06/15/2005,"2,636.00"
06/14/2005,"2,705.00"
06/13/2005,"2,762.00"
06/10/2005,"2,821.00"
06/09/2005,"2,889.00"
06/08/2005,"2,931.00"
06/07/2005,"2,995.00"
06/06/2005,"3,041.00"
06/03/2005,"3,093.00"
06/02/2005,"3,125.00"
06/01/2005,"3,180.00"
05/31/2005,"3,219.00"
05/27/2005,"3,279.00"
05/26/2005,"3,317.00"
05/25/2005,"3,366.00"
05/24/2005,"3,430.00"
05/23/2005,"3,496.00"
05/20/2005,"3,523.00"
05/19/2005,"3,559.00"
05/18/2005,"3,637.00"
05/17/2005,"3,695.00"
05/16/2005,"3,737.00"
05/13/2005,"3,770.00"
05/12/2005,"3,832.00"
05/11/2005,"3,931.00"
05/10/2005,"4,016.00"
05/09/2005,"4,024.00"
05/06/2005,"3,969.00"
05/05/2005,"3,898.00"
05/04/2005,"3,835.00"
05/03/2005,"3,815.00"
04/29/2005,"3,850.00"
04/28/2005,"3,921.00"
04/27/2005,"4,026.00"
04/26/2005,"4,172.00"
04/25/2005,"4,284.00"
04/22/2005,"4,381.00"
04/21/2005,"4,504.00"
04/20/2005,"4,620.00"
04/19/2005,"4,735.00"
04/18/2005,"4,810.00"
04/15/2005,"4,835.00"
04/14/2005,"4,824.00"
04/13/2005,"4,804.00"
04/12/2005,"4,753.00"
04/11/2005,"4,721.00"
04/08/2005,"4,699.00"
04/07/2005,"4,676.00"
04/06/2005,"4,660.00"
04/05/2005,"4,649.00"
04/04/2005,"4,631.00"
04/01/2005,"4,627.00"
03/31/2005,"4,637.00"
03/30/2005,"4,653.00"
03/29/2005,"4,672.00"
03/24/2005,"4,685.00"
03/23/2005,"4,685.00"
03/22/2005,"4,679.00"
03/21/2005,"4,665.00"
03/18/2005,"4,625.00"
03/17/2005,"4,575.00"
03/16/2005,"4,596.00"
03/15/2005,"4,685.00"
03/14/2005,"4,741.00"
03/11/2005,"4,768.00"
03/10/2005,"4,791.00"
03/09/2005,"4,781.00"
03/08/2005,"4,745.00"
03/07/2005,"4,700.00"
03/04/2005,"4,652.00"
03/03/2005,"4,619.00"
03/02/2005,"4,619.00"
03/01/2005,"4,663.00"
02/28/2005,"4,726.00"
02/25/2005,"4,771.00"
02/24/2005,"4,834.00"
02/23/2005,"4,880.00"
02/22/2005,"4,878.00"
02/21/2005,"4,833.00"
02/18/2005,"4,763.00"
02/17/2005,"4,685.00"
02/16/2005,"4,593.00"
02/15/2005,"4,511.00"
02/14/2005,"4,446.00"
02/11/2005,"4,378.00"
02/10/2005,"4,320.00"
02/09/2005,"4,223.00"
02/08/2005,"4,175.00"
02/07/2005,"4,192.00"
02/04/2005,"4,246.00"
02/03/2005,"4,313.00"
02/02/2005,"4,408.00"
02/01/2005,"4,470.00"
01/31/2005,"4,488.00"
01/28/2005,"4,461.00"
01/27/2005,"4,396.00"
01/26/2005,"4,340.00"
01/25/2005,"4,307.00"
01/24/2005,"4,292.00"
01/21/2005,"4,301.00"
01/20/2005,"4,358.00"
01/19/2005,"4,471.00"
01/18/2005,"4,591.00"
01/17/2005,"4,668.00"
01/14/2005,"4,721.00"
01/13/2005,"4,774.00"
01/12/2005,"4,776.00"
01/11/2005,"4,726.00"
01/10/2005,"4,627.00"
01/07/2005,"4,485.00"
01/06/2005,"4,405.00"
01/05/2005,"4,395.00"
01/04/2005,"4,456.00"
12/24/2004,"4,598.00"
12/23/2004,"4,639.00"
12/22/2004,"4,719.00"
12/21/2004,"4,812.00"
12/20/2004,"4,899.00"
12/17/2004,"5,003.00"
12/16/2004,"5,176.00"
12/15/2004,"5,363.00"
12/14/2004,"5,551.00"
12/13/2004,"5,747.00"
12/10/2004,"5,877.00"
12/09/2004,"6,013.00"
12/08/2004,"6,136.00"
12/07/2004,"6,200.00"
12/06/2004,"6,208.00"
12/03/2004,"6,172.00"
12/02/2004,"6,134.00"
12/01/2004,"6,092.00"
11/30/2004,"6,051.00"
11/29/2004,"5,974.00"
11/26/2004,"5,870.00"
11/25/2004,"5,734.00"
11/24/2004,"5,626.00"
11/23/2004,"5,514.00"
11/22/2004,"5,442.00"
11/19/2004,"5,393.00"
11/18/2004,"5,335.00"
11/17/2004,"5,264.00"
11/16/2004,"5,191.00"
11/15/2004,"5,152.00"
11/12/2004,"5,125.00"
11/11/2004,"5,107.00"
11/10/2004,"5,082.00"
11/09/2004,"5,060.00"
11/08/2004,"5,040.00"
11/05/2004,"5,027.00"
11/04/2004,"4,994.00"
11/03/2004,"4,950.00"
11/02/2004,"4,937.00"
11/01/2004,"4,928.00"
10/29/2004,"4,922.00"
10/28/2004,"4,912.00"
10/27/2004,"4,901.00"
10/26/2004,"4,877.00"
10/25/2004,"4,828.00"
10/22/2004,"4,786.00"
10/21/2004,"4,727.00"
10/20/2004,"4,663.00"
10/19/2004,"4,625.00"
10/18/2004,"4,602.00"
10/15/2004,"4,572.00"
10/14/2004,"4,522.00"
10/13/2004,"4,473.00"
10/12/2004,"4,408.00"
10/11/2004,"4,354.00"
10/08/2004,"4,313.00"
10/07/2004,"4,254.00"
10/06/2004,"4,190.00"
10/05/2004,"4,157.00"
10/04/2004,"4,130.00"
10/01/2004,"4,112.00"
09/30/2004,"4,105.00"
09/29/2004,"4,100.00"
09/28/2004,"4,106.00"
09/27/2004,"4,123.00"
09/24/2004,"4,149.00"
09/23/2004,"4,180.00"
09/22/2004,"4,222.00"
09/21/2004,"4,229.00"
09/20/2004,"4,233.00"
09/17/2004,"4,220.00"
09/16/2004,"4,214.00"
09/15/2004,"4,208.00"
09/14/2004,"4,205.00"
09/13/2004,"4,192.00"
09/10/2004,"4,163.00"
09/09/2004,"4,109.00"
09/08/2004,"4,056.00"
09/07/2004,"4,018.00"
09/06/2004,"4,014.00"
09/03/2004,"4,040.00"
09/02/2004,"4,077.00"
09/01/2004,"4,134.00"
08/31/2004,"4,186.00"
08/27/2004,"4,225.00"
08/26/2004,"4,233.00"
08/25/2004,"4,224.00"
08/24/2004,"4,213.00"
08/23/2004,"4,206.00"
08/20/2004,"4,195.00"
08/19/2004,"4,193.00"
08/18/2004,"4,188.00"
08/17/2004,"4,180.00"
08/16/2004,"4,161.00"
08/13/2004,"4,148.00"
08/12/2004,"4,120.00"
08/11/2004,"4,098.00"
08/10/2004,"4,088.00"
08/09/2004,"4,100.00"
08/06/2004,"4,129.00"
08/05/2004,"4,180.00"
08/04/2004,"4,205.00"
08/03/2004,"4,177.00"
08/02/2004,"4,100.00"
07/30/2004,"4,048.00"
07/29/2004,"3,953.00"
07/28/2004,"3,877.00"
07/27/2004,"3,832.00"
07/26/2004,"3,814.00"
07/23/2004,"3,799.00"
07/22/2004,"3,800.00"
07/21/2004,"3,841.00"
07/20/2004,"3,888.00"
07/19/2004,"3,930.00"
07/16/2004,"3,971.00"
07/15/2004,"4,021.00"
07/14/2004,"4,068.00"
07/13/2004,"4,086.00"
07/12/2004,"4,025.00"
07/09/2004,"3,902.00"
07/08/2004,"3,716.00"
07/07/2004,"3,545.00"
07/06/2004,"3,400.00"
07/05/2004,"3,287.00"
07/02/2004,"3,207.00"
07/01/2004,"3,115.00"
06/30/2004,"3,005.00"
06/29/2004,"2,895.00"
06/28/2004,"2,812.00"
06/25/2004,"2,742.00"
06/24/2004,"2,682.00"
06/23/2004,"2,632.00"
06/22/2004,"2,622.00"
06/21/2004,"2,634.00"
06/18/2004,"2,667.00"
06/17/2004,"2,718.00"
06/16/2004,"2,762.00"
06/15/2004,"2,810.00"
06/14/2004,"2,849.00"
06/11/2004,"2,887.00"
06/10/2004,"2,939.00"
06/09/2004,"3,006.00"
06/08/2004,"3,067.00"
06/07/2004,"3,134.00"
06/04/2004,"3,185.00"
06/03/2004,"3,239.00"
06/02/2004,"3,266.00"
06/01/2004,"3,282.00"
05/28/2004,"3,286.00"
05/27/2004,"3,288.00"
05/26/2004,"3,308.00"
05/25/2004,"3,327.00"
05/24/2004,"3,331.00"
05/21/2004,"3,336.00"
05/20/2004,"3,348.00"
05/19/2004,"3,391.00"
05/18/2004,"3,452.00"
05/17/2004,"3,535.00"
05/14/2004,"3,638.00"
05/13/2004,"3,747.00"
05/12/2004,"3,827.00"
05/11/2004,"3,900.00"
05/10/2004,"3,928.00"
05/07/2004,"3,924.00"
05/06/2004,"3,910.00"
05/05/2004,"3,909.00"
05/04/2004,"3,933.00"
04/30/2004,"3,982.00"
04/29/2004,"3,982.00"
04/28/2004,"4,064.00"
04/27/2004,"4,229.00"
04/26/2004,"4,368.00"
04/23/2004,"4,461.00"
04/22/2004,"4,545.00"
04/21/2004,"4,616.00"
04/20/2004,"4,640.00"
04/19/2004,"4,635.00"
04/16/2004,"4,610.00"
04/15/2004,"4,590.00"
04/14/2004,"4,571.00"
04/13/2004,"4,552.00"
04/08/2004,"4,566.00"
04/07/2004,"4,604.00"
04/06/2004,"4,631.00"
04/05/2004,"4,675.00"
04/02/2004,"4,716.00"
04/01/2004,"4,763.00"
03/31/2004,"4,822.00"
03/30/2004,"4,886.00"
03/29/2004,"4,927.00"
03/26/2004,"4,959.00"
03/25/2004,"4,999.00"
03/24/2004,"5,033.00"
03/23/2004,"5,044.00"
03/22/2004,"5,042.00"
03/19/2004,"5,045.00"
03/18/2004,"5,058.00"
03/17/2004,"5,122.00"
03/16/2004,"5,204.00"
03/15/2004,"5,280.00"
03/12/2004,"5,352.00"
03/11/2004,"5,384.00"
03/10/2004,"5,382.00"
03/09/2004,"5,344.00"
03/08/2004,"5,300.00"
03/05/2004,"5,235.00"
03/04/2004,"5,135.00"
03/03/2004,"5,109.00"
03/02/2004,"5,150.00"
03/01/2004,"5,205.00"
02/27/2004,"5,263.00"
02/26/2004,"5,317.00"
02/25/2004,"5,394.00"
02/24/2004,"5,488.00"
02/23/2004,"5,536.00"
02/20/2004,"5,516.00"
02/19/2004,"5,461.00"
02/18/2004,"5,376.00"
02/17/2004,"5,290.00"
02/16/2004,"5,250.00"
02/13/2004,"5,242.00"
02/12/2004,"5,276.00"
02/11/2004,"5,365.00"
02/10/2004,"5,458.00"
02/09/2004,"5,545.00"
02/06/2004,"5,608.00"
02/05/2004,"5,653.00"
02/04/2004,"5,681.00"
02/03/2004,"5,664.00"
02/02/2004,"5,618.00"
01/30/2004,"5,551.00"
01/29/2004,"5,457.00"
01/28/2004,"5,340.00"
01/27/2004,"5,276.00"
01/26/2004,"5,262.00"
01/23/2004,"5,273.00"
01/22/2004,"5,299.00"
01/21/2004,"5,345.00"
01/20/2004,"5,418.00"
01/19/2004,"5,481.00"
01/16/2004,"5,493.00"
01/15/2004,"5,485.00"
01/14/2004,"5,459.00"
01/13/2004,"5,391.00"
01/12/2004,"5,256.00"
01/09/2004,"5,046.00"
01/08/2004,"4,901.00"
01/07/2004,"4,804.00"
01/06/2004,"4,764.00"
01/05/2004,"4,757.00"
01/02/2004,"4,761.00"
12/24/2003,"4,765.00"
12/23/2003,"4,761.00"
12/22/2003,"4,741.00"
12/19/2003,"4,721.00"
12/18/2003,"4,694.00"
12/17/2003,"4,675.00"
12/16/2003,"4,668.00"
12/15/2003,"4,658.00"
12/12/2003,"4,638.00"
12/11/2003,"4,608.00"
12/10/2003,"4,570.00"
12/09/2003,"4,539.00"
12/08/2003,"4,526.00"
12/05/2003,"4,515.00"
12/04/2003,"4,493.00"
12/03/2003,"4,484.00"
12/02/2003,"4,464.00"
12/01/2003,"4,442.00"
11/28/2003,"4,417.00"
11/27/2003,"4,378.00"
11/26/2003,"4,329.00"
11/25/2003,"4,257.00"
11/24/2003,"4,193.00"
11/21/2003,"4,144.00"
11/20/2003,"4,076.00"
11/19/2003,"4,029.00"
11/18/2003,"4,026.00"
11/17/2003,"4,046.00"
11/14/2003,"4,078.00"
11/13/2003,"4,142.00"
11/12/2003,"4,205.00"
11/11/2003,"4,243.00"
11/10/2003,"4,274.00"
11/07/2003,"4,308.00"
11/06/2003,"4,349.00"
11/05/2003,"4,432.00"
11/04/2003,"4,524.00"
11/03/2003,"4,558.00"
10/31/2003,"4,555.00"
10/30/2003,"4,560.00"
10/29/2003,"4,550.00"
10/28/2003,"4,547.00"
10/27/2003,"4,539.00"
10/24/2003,"4,517.00"
10/23/2003,"4,515.00"
10/22/2003,"4,514.00"
10/21/2003,"4,477.00"
10/20/2003,"4,421.00"
10/17/2003,"4,363.00"
10/16/2003,"4,304.00"
10/15/2003,"4,286.00"
10/14/2003,"4,299.00"
10/13/2003,"4,270.00"
10/10/2003,"4,192.00"
10/09/2003,"4,049.00"
10/08/2003,"3,829.00"
10/07/2003,"3,668.00"
10/06/2003,"3,529.00"
10/03/2003,"3,372.00"
10/02/2003,"3,245.00"
10/01/2003,"3,138.00"
09/30/2003,"2,993.00"
09/29/2003,"2,870.00"
09/26/2003,"2,796.00"
09/25/2003,"2,709.00"
09/24/2003,"2,605.00"
09/23/2003,"2,539.00"
09/22/2003,"2,501.00"
09/19/2003,"2,467.00"
09/18/2003,"2,431.00"
09/17/2003,"2,408.00"
09/16/2003,"2,393.00"
09/15/2003,"2,379.00"
09/12/2003,"2,364.00"
09/11/2003,"2,352.00"
09/10/2003,"2,341.00"
09/09/2003,"2,327.00"
09/08/2003,"2,320.00"
09/05/2003,"2,304.00"
09/04/2003,"2,284.00"
09/03/2003,"2,273.00"
09/02/2003,"2,265.00"
09/01/2003,"2,262.00"
08/29/2003,"2,265.00"
08/28/2003,"2,272.00"
08/27/2003,"2,284.00"
08/26/2003,"2,297.00"
08/22/2003,"2,314.00"
08/21/2003,"2,322.00"
08/20/2003,"2,331.00"
08/19/2003,"2,340.00"
08/18/2003,"2,343.00"
08/15/2003,"2,343.00"
08/14/2003,"2,336.00"
08/13/2003,"2,326.00"
08/12/2003,"2,314.00"
08/11/2003,"2,298.00"
08/08/2003,"2,287.00"
08/07/2003,"2,262.00"
08/06/2003,"2,230.00"
08/05/2003,"2,198.00"
08/04/2003,"2,181.00"
08/01/2003,"2,176.00"
07/31/2003,"2,181.00"
07/30/2003,"2,186.00"
07/29/2003,"2,197.00"
07/28/2003,"2,203.00"
07/25/2003,"2,206.00"
07/24/2003,"2,208.00"
07/23/2003,"2,211.00"
07/22/2003,"2,219.00"
07/21/2003,"2,229.00"
07/18/2003,"2,234.00"
07/17/2003,"2,236.00"
07/16/2003,"2,240.00"
07/15/2003,"2,238.00"
07/14/2003,"2,231.00"
07/11/2003,"2,217.00"
07/10/2003,"2,194.00"
07/09/2003,"2,168.00"
07/08/2003,"2,155.00"
07/07/2003,"2,143.00"
07/04/2003,"2,137.00"
07/03/2003,"2,131.00"
07/02/2003,"2,127.00"
07/01/2003,"2,123.00"
06/30/2003,"2,125.00"
06/27/2003,"2,127.00"
06/26/2003,"2,129.00"
06/25/2003,"2,131.00"
06/24/2003,"2,134.00"
06/23/2003,"2,143.00"
06/20/2003,"2,150.00"
06/19/2003,"2,153.00"
06/18/2003,"2,154.00"
06/17/2003,"2,149.00"
06/16/2003,"2,146.00"
06/13/2003,"2,141.00"
06/12/2003,"2,135.00"
06/11/2003,"2,132.00"
06/10/2003,"2,130.00"
06/09/2003,"2,134.00"
06/06/2003,"2,139.00"
06/05/2003,"2,135.00"
06/04/2003,"2,128.00"
06/03/2003,"2,123.00"
06/02/2003,"2,116.00"
05/30/2003,"2,127.00"
05/29/2003,"2,145.00"
05/28/2003,"2,178.00"
05/27/2003,"2,218.00"
05/23/2003,"2,272.00"
05/22/2003,"2,303.00"
05/21/2003,"2,325.00"
05/20/2003,"2,337.00"
05/19/2003,"2,335.00"
05/16/2003,"2,317.00"
05/15/2003,"2,291.00"
05/14/2003,"2,266.00"
05/13/2003,"2,248.00"
05/12/2003,"2,227.00"
05/09/2003,"2,212.00"
05/08/2003,"2,193.00"
05/07/2003,"2,173.00"
05/06/2003,"2,160.00"
05/02/2003,"2,152.00"
05/01/2003,"2,145.00"
04/30/2003,"2,142.00"
04/29/2003,"2,139.00"
04/28/2003,"2,133.00"
04/25/2003,"2,124.00"
04/24/2003,"2,115.00"
04/23/2003,"2,105.00"
04/22/2003,"2,097.00"
04/17/2003,"2,093.00"
04/16/2003,"2,091.00"
04/15/2003,"2,088.00"
04/14/2003,"2,081.00"
04/11/2003,"2,069.00"
04/10/2003,"2,051.00"
04/09/2003,"2,034.00"
04/08/2003,"2,022.00"
04/07/2003,"2,011.00"
04/04/2003,"1,997.00"
04/03/2003,"1,977.00"
04/02/2003,"1,959.00"
04/01/2003,"1,943.00"
03/31/2003,"1,939.00"
03/28/2003,"1,938.00"
03/27/2003,"1,933.00"
03/26/2003,"1,936.00"
03/25/2003,"1,940.00"
03/24/2003,"1,940.00"
03/21/2003,"1,935.00"
03/20/2003,"1,924.00"
03/19/2003,"1,909.00"
03/18/2003,"1,887.00"
03/17/2003,"1,863.00"
03/14/2003,"1,833.00"
03/13/2003,"1,802.00"
03/12/2003,"1,779.00"
03/11/2003,"1,765.00"
03/10/2003,"1,756.00"
03/07/2003,"1,753.00"
03/06/2003,"1,748.00"
03/05/2003,"1,749.00"
03/04/2003,"1,754.00"
03/03/2003,"1,762.00"
02/28/2003,"1,764.00"
02/27/2003,"1,763.00"
02/26/2003,"1,767.00"
02/25/2003,"1,768.00"
02/24/2003,"1,767.00"
02/21/2003,"1,758.00"
02/20/2003,"1,745.00"
02/19/2003,"1,728.00"
02/18/2003,"1,709.00"
02/17/2003,"1,693.00"
02/14/2003,"1,673.00"
02/13/2003,"1,659.00"
02/12/2003,"1,639.00"
02/11/2003,"1,627.00"
02/10/2003,"1,610.00"
02/07/2003,"1,596.00"
02/06/2003,"1,577.00"
02/05/2003,"1,559.00"
02/04/2003,"1,542.00"
02/03/2003,"1,530.00"
01/31/2003,"1,530.00"
01/30/2003,"1,540.00"
01/29/2003,"1,557.00"
01/28/2003,"1,593.00"
01/27/2003,"1,626.00"
01/24/2003,"1,653.00"
01/23/2003,"1,680.00"
01/22/2003,"1,704.00"
01/21/2003,"1,715.00"
01/20/2003,"1,718.00"
01/17/2003,"1,722.00"
01/16/2003,"1,733.00"
01/15/2003,"1,748.00"
01/14/2003,"1,753.00"
01/13/2003,"1,760.00"
01/10/2003,"1,761.00"
01/09/2003,"1,758.00"
01/08/2003,"1,749.00"
01/07/2003,"1,746.00"
01/06/2003,"1,742.00"
01/03/2003,"1,739.00"
01/02/2003,"1,738.00"
